WELL_ID	Year	Month	Rate
1	1351	4	3,245
1	1351	5	3,859
1	1351	6	4,107
1	1351	7	5,266
1	1351	8	8,172
1	1351	9	9,962
1	1351	10	8,418
1	1351	11	10,737
1	1351	12	16,106
1	1352	1	18,160
1	1352	2	13,626
1	1352	3	12,346
1	1352	4	12,635
1	1352	5	12,475
1	1352	6	12,577
1	1352	7	12,644
1	1352	8	13,801
1	1352	9	14,503
1	1352	10	13,636
1	1352	11	14,655
1	1352	12	15,292
1	1353	1	15,178
1	1353	2	5,958
1	1353	3	16,605
1	1353	4	16,179
1	1353	5	16,175
1	1353	6	17,420
1	1353	7	16,895
1	1353	8	15,789
1	1353	9	15,177
1	1353	10	14,036
1	1353	11	14,870
1	1353	12	15,219
1	1354	1	14,202
1	1354	2	13,713
1	1354	3	13,409
1	1354	4	13,565
1	1354	5	13,231
1	1354	6	12,913
1	1354	7	7,492
1	1354	8	12,682
1	1354	9	0
1	1354	10	0
1	1354	11	0
1	1354	12	11,469
1	1355	1	21,714
1	1355	2	22,570
1	1355	3	25,215
1	1355	4	25,385
1	1355	5	23,889
1	1355	6	24,744
1	1355	7	26,087
1	1355	8	24,935
1	1355	9	24,503
1	1355	10	24,971
1	1355	11	24,049
1	1355	12	23,874
1	1356	1	18,788
1	1356	2	23,582
1	1356	3	18,456
1	1356	4	20,118
1	1356	5	19,046
1	1356	6	17,433
1	1356	7	15,558
1	1356	8	20,513
1	1356	9	22,197
1	1356	10	19,457
1	1356	11	17,549
1	1356	12	24,781
1	1357	1	20,733
1	1357	2	14,613
1	1357	3	13,608
1	1357	4	22,015
1	1357	5	23,975
1	1357	6	23,675
1	1357	7	24,225
1	1357	8	24,299
1	1357	9	25,210
1	1357	10	22,343
1	1357	11	0
1	1357	12	0
1	1358	1	25,979
1	1358	2	20,603
1	1358	3	21,259
1	1358	4	17,136
1	1358	5	23,781
1	1358	6	0
1	1358	7	0
1	1358	8	0
1	1358	9	18,653
1	1358	10	22,222
1	1358	11	0
1	1358	12	0
1	1359	1	0
1	1359	2	0
1	1359	3	0
1	1359	4	0
1	1359	5	0
1	1359	6	0
1	1359	7	0
1	1359	8	0
1	1359	9	0
1	1359	10	0
1	1359	11	0
1	1359	12	0
1	1360	1	0
1	1360	2	0
1	1360	3	0
1	1360	4	0
1	1360	5	0
1	1360	6	0
1	1360	7	0
1	1360	8	0
1	1360	9	0
1	1360	10	0
1	1360	11	0
1	1360	12	0
1	1361	1	0
1	1361	2	0
1	1361	3	0
1	1361	4	0
1	1361	5	0
1	1361	6	0
1	1361	7	0
1	1361	8	0
1	1361	9	0
1	1361	10	0
1	1361	11	0
1	1361	12	0
1	1362	1	0
1	1362	2	0
1	1362	3	0
1	1362	4	0
1	1362	5	0
1	1362	6	0
1	1362	7	0
1	1362	8	0
1	1362	9	0
1	1362	10	0
1	1362	11	0
1	1362	12	0
1	1363	1	0
1	1363	2	0
1	1363	3	0
1	1363	4	21,516
1	1363	5	9,838
1	1363	6	10,431
1	1363	7	19,449
1	1363	8	23,091
1	1363	9	22,945
1	1363	10	22,554
1	1363	11	22,329
1	1363	12	21,530
1	1364	1	21,729
1	1364	2	20,999
1	1364	3	0
1	1364	4	25,227
1	1364	5	20,475
1	1364	6	20,566
1	1364	7	15,494
1	1364	8	21,565
1	1364	9	22,562
1	1364	10	21,503
1	1364	11	20,784
1	1364	12	19,760
1	1365	1	16,184
1	1365	2	0
1	1365	3	14,470
1	1365	4	17,016
1	1365	5	18,529
1	1365	6	0
1	1365	7	0
1	1365	8	19,453
1	1365	9	19,510
1	1365	10	26,041
1	1365	11	17,604
1	1365	12	18,030
1	1366	1	19,142
1	1366	2	17,520
1	1366	3	17,083
1	1366	4	17,274
1	1366	5	17,986
1	1366	6	40,051
1	1366	7	16,523
1	1366	8	14,652
1	1366	9	16,633
1	1366	10	15,936
1	1366	11	16,459
1	1366	12	15,615
1	1367	1	16,521
1	1367	2	15,930
1	1367	3	15,859
1	1367	4	16,229
1	1367	5	16,189
1	1367	6	16,706
1	1367	7	16,419
1	1367	8	24,119
1	1367	9	15,885
1	1367	10	15,751
1	1367	11	15,862
1	1367	12	15,402
1	1368	1	14,392
1	1368	2	12,646
1	1368	3	12,441
1	1368	4	13,603
1	1368	5	14,640
1	1368	6	14,849
1	1368	7	14,225
1	1368	8	13,585
1	1368	9	13,499
1	1368	10	12,749
1	1368	11	12,938
1	1368	12	12,422
1	1369	1	12,638
1	1369	2	11,831
1	1369	3	12,152
1	1369	4	12,390
1	1369	5	12,193
1	1369	6	11,865
1	1369	7	11,852
1	1369	8	11,983
1	1369	9	11,966
1	1369	10	12,252
1	1369	11	12,102
1	1369	12	12,192
1	1370	1	12,126
1	1370	2	11,881
1	1370	3	11,965
1	1370	4	11,911
1	1370	5	12,132
1	1370	6	11,832
1	1370	7	12,189
1	1370	8	12,316
1	1370	9	12,354
1	1370	10	12,263
1	1370	11	11,888
1	1370	12	11,470
1	1371	1	12,722
1	1371	2	11,718
1	1371	3	11,938
1	1371	4	11,603
1	1371	5	11,849
1	1371	6	11,698
1	1371	7	11,710
1	1371	8	11,568
1	1371	9	11,990
1	1371	10	12,014
1	1371	11	11,627
1	1371	12	12,127
1	1372	1	11,021
1	1372	2	11,563
1	1372	3	11,498
1	1372	4	11,614
1	1372	5	11,782
1	1372	6	12,063
1	1372	7	10,652
1	1372	8	10,815
1	1372	9	11,129
1	1372	10	0
1	1372	11	0
1	1372	12	0
1	1373	1	0
1	1373	2	0
1	1373	3	0
1	1373	4	0
1	1373	5	0
1	1373	6	0
1	1373	7	0
1	1373	8	0
1	1373	9	0
1	1373	10	0
1	1373	11	0
1	1373	12	0
1	1374	1	0
1	1374	2	0
1	1374	3	0
1	1374	4	0
1	1374	5	0
1	1374	6	0
1	1374	7	0
1	1374	8	0
1	1374	9	0
1	1374	10	0
1	1374	11	3,736
1	1374	12	3,525
1	1375	1	3,234
1	1375	2	1,456
1	1375	3	1,072
1	1375	4	1,043
1	1375	5	1,085
1	1375	6	1,103
1	1375	7	1,167
1	1375	8	1,065
1	1375	9	1,100
1	1375	10	998
1	1375	11	1,295
1	1375	12	1,617
1	1376	1	1,317
1	1376	2	3,459
1	1376	3	4,118
1	1376	4	4,566
1	1376	5	4,137
1	1376	6	3,901
1	1376	7	3,960
1	1376	8	4,017
1	1376	9	4,003
1	1376	10	3,950
1	1376	11	3,929
1	1376	12	3,929
1	1377	1	3,997
1	1377	2	3,959
1	1377	3	3,849
1	1377	4	3,913
1	1377	5	3,376
1	1377	6	2,938
1	1377	7	2,988
1	1377	8	2,911
1	1377	9	3,028
1	1377	10	2,694
1	1377	11	3,166
1	1377	12	2,936
1	1378	1	3,022
1	1378	2	3,022
1	1378	3	2,992
1	1378	4	3,032
1	1378	5	2,867
1	1378	6	2,985
1	1378	7	2,081
1	1378	8	1,959
1	1378	9	2,034
1	1378	10	1,946
1	1378	11	1,958
1	1378	12	1,899
1	1379	1	1,995
1	1379	2	1,954
1	1379	3	1,935
1	1379	4	1,976
1	1379	5	2,011
1	1379	6	1,908
1	1379	7	953
1	1379	8	991
1	1379	9	1,015
1	1379	10	993
1	1379	11	954
1	1379	12	959
1	1380	1	486
1	1380	2	497
1	1380	3	498
1	1380	4	493
1	1380	5	495
1	1380	6	497
1	1380	7	494
1	1380	8	487
1	1380	9	488
1	1380	10	486
1	1380	11	502
1	1380	12	486
1	1381	1	481
1	1381	2	493
1	1381	3	507
1	1381	4	503
1	1381	5	507
1	1381	6	500
1	1381	7	524
1	1381	8	515
1	1381	9	415
1	1381	10	552
1	1381	11	528
1	1381	12	586
1	1382	1	519
1	1382	2	499
1	1382	3	519
1	1382	4	568
1	1382	5	511
1	1382	6	529
1	1382	7	495
1	1382	8	501
1	1382	9	511
1	1382	10	512
1	1382	11	510
1	1382	12	513
1	1383	1	485
1	1383	2	488
1	1383	3	504
1	1383	4	517
1	1383	5	512
1	1383	6	519
1	1383	7	527
1	1383	8	502
1	1383	9	536
1	1383	10	521
1	1383	11	535
1	1383	12	537
1	1384	1	502
1	1384	2	513
1	1384	3	506
1	1384	4	513
1	1384	5	489
1	1384	6	497
1	1384	7	492
1	1384	8	503
1	1384	9	499
1	1384	10	477
1	1384	11	477
1	1384	12	517
1	1385	1	506
1	1385	2	500
1	1385	3	522
1	1385	4	511
1	1385	5	510
1	1385	6	507
1	1385	7	505
1	1385	8	522
1	1385	9	504
1	1385	10	507
1	1385	11	509
1	1385	12	507
1	1386	1	503
1	1386	2	510
1	1386	3	503
1	1386	4	501
1	1386	5	0
1	1386	6	0
1	1386	7	1,079
1	1386	8	1,561
1	1386	9	2,007
1	1386	10	2,126
1	1386	11	1,992
1	1386	12	2,000
1	1387	1	2,002
1	1387	2	1,918
1	1387	3	1,991
1	1387	4	1,924
1	1387	5	1,942
1	1387	6	1,969
1	1387	7	2,056
1	1387	8	2,012
1	1387	9	2,014
1	1387	10	2,000
1	1387	11	1,990
1	1387	12	1,965
1	1388	1	1,924
1	1388	2	1,964
1	1388	3	2,008
1	1388	4	1,985
1	1388	5	1,990
1	1388	6	2,008
1	1388	7	2,003
1	1388	8	2,002
1	1388	9	2,000
1	1388	10	2,003
1	1388	11	1,997
1	1388	12	2,008
1	1389	1	2,051
1	1389	2	1,994
1	1389	3	1,984
1	1389	4	2,009
1	1389	5	2,005
1	1389	6	2,001
1	1389	7	1,953
1	1389	8	1,974
1	1389	9	1,946
1	1389	10	1,978
1	1389	11	1,978
1	1389	12	2,000
1	1390	1	1,987
1	1390	2	1,998
1	1390	3	1,929
1	1390	4	1,995
1	1390	5	1,999
1	1390	6	2,006
1	1390	7	2,020
1	1390	8	2,013
1	1390	9	2,013
1	1390	10	2,002
1	1390	11	2,002
1	1390	12	2,008
1	1391	1	2,043
1	1391	2	2,016
1	1391	3	2,019
1	1391	4	2,009
1	1391	5	1,897
1	1391	6	1,955
1	1391	7	2,009
1	1391	8	1,998
1	1391	9	2,054
1	1391	10	2,045
1	1391	11	1,991
1	1391	12	2,006
1	1392	1	1,951
1	1392	2	1,975
1	1392	3	1,971
1	1392	4	1,959
1	1392	5	1,986
1	1392	6	2,010
1	1392	7	2,009
1	1392	8	1,982
1	1392	9	1,996
1	1392	10	1,977
1	1392	11	2,000
1	1392	12	2,009
1	1393	1	2,023
1	1393	2	1,895
1	1393	3	1,971
1	1393	4	2,022
1	1393	5	1,930
1	1393	6	2,025
1	1393	7	1,995
1	1393	8	1,976
1	1393	9	2,055
1	1393	10	1,982
1	1393	11	2,042
1	1393	12	2,056
1	1394	1	2,030
1	1394	2	2,012
1	1394	3	1,991
1	1394	4	2,010
1	1394	5	1,931
1	1394	6	2,062
1	1394	7	2,116
1	1394	8	2,085
1	1394	9	2,055
1	1394	10	0
1	1394	11	2,237
1	1394	12	2,139
1	1395	1	1,920
1	1395	2	1,836
1	1395	3	1,900
1	1395	4	2,023
1	1395	5	2,020
1	1395	6	2,006
1	1395	7	2,013
1	1395	8	2,052
1	1395	9	2,066
1	1395	10	2,059
1	1395	11	2,483
1	1395	12	2,453
1	1396	1	2,445
1	1396	2	2,607
1	1396	3	2,609
1	1396	4	2,583
1	1396	5	2,610
1	1396	6	2,541
1	1396	7	2,546
1	1396	8	2,589
1	1396	9	2,727
1	1396	10	2,608
1	1396	11	2,528
1	1396	12	2,546
1	1397	1	2,561
1	1397	2	2,545
1	1397	3	2,540
1	1397	4	2,500
1	1397	5	2,434
1	1397	6	2,403
1	1397	7	2,470
1	1397	8	2,447
1	1397	9	2,501
1	1397	10	2,523
1	1397	11	2,563
1	1397	12	2,452
1	1398	1	2,416
1	1398	2	2,448
1	1398	3	2,466
1	1398	4	2,460
1	1398	5	2,467
1	1398	6	2,562
1	1398	7	2,592
1	1398	8	2,634
1	1398	9	2,300
1	1398	10	2,524
1	1398	11	2,467
1	1398	12	2,490
1	1399	1	2,478
1	1399	2	2,500
1	1399	3	2,200
1	1399	4	1,882
1	1399	5	1,925
1	1399	6	1,834
1	1399	7	1,864
1	1399	8	1,971
1	1399	9	1,957
1	1399	10	1,992
1	1399	11	1,937
1	1399	12	1,947
1	1400	1	1,939
1	1400	2	1,887
1	1400	3	1,926
1	1400	4	1,868
1	1400	5	1,898
1	1400	6	1,986
1	1400	7	2,018
1	1400	8	2,036
1	1400	9	2,083
1	1400	10	1,961
1			
5	1355	1	1,300
5	1355	2	1,478
5	1355	3	3,524
5	1355	4	5,624
5	1355	5	3,868
5	1355	6	8,821
5	1355	7	16,509
5	1355	8	20,209
5	1355	9	23,219
5	1355	10	12,887
5	1355	11	15,067
5	1355	12	20,441
5	1356	1	22,458
5	1356	2	24,711
5	1356	3	16,861
5	1356	4	3,311
5	1356	5	14,614
5	1356	6	28,078
5	1356	7	23,527
5	1356	8	18,133
5	1356	9	21,719
5	1356	10	17,177
5	1356	11	18,385
5	1356	12	32,690
5	1357	1	33,697
5	1357	2	27,872
5	1357	3	24,728
5	1357	4	33,054
5	1357	5	30,302
5	1357	6	26,088
5	1357	7	31,696
5	1357	8	32,497
5	1357	9	33,900
5	1357	10	30,289
5	1357	11	0
5	1357	12	0
5	1358	1	29,582
5	1358	2	30,370
5	1358	3	30,899
5	1358	4	34,819
5	1358	5	37,526
5	1358	6	0
5	1358	7	0
5	1358	8	0
5	1358	9	22,723
5	1358	10	23,046
5	1358	11	0
5	1358	12	0
5	1359	1	0
5	1359	2	0
5	1359	3	0
5	1359	4	0
5	1359	5	0
5	1359	6	0
5	1359	7	0
5	1359	8	0
5	1359	9	0
5	1359	10	0
5	1359	11	0
5	1359	12	0
5	1360	1	0
5	1360	2	0
5	1360	3	0
5	1360	4	0
5	1360	5	0
5	1360	6	0
5	1360	7	0
5	1360	8	0
5	1360	9	0
5	1360	10	0
5	1360	11	0
5	1360	12	0
5	1361	1	0
5	1361	2	0
5	1361	3	0
5	1361	4	0
5	1361	5	0
5	1361	6	0
5	1361	7	0
5	1361	8	0
5	1361	9	0
5	1361	10	0
5	1361	11	0
5	1361	12	0
5	1362	1	0
5	1362	2	0
5	1362	3	0
5	1362	4	0
5	1362	5	0
5	1362	6	0
5	1362	7	0
5	1362	8	0
5	1362	9	0
5	1362	10	0
5	1362	11	0
5	1362	12	0
5	1363	1	0
5	1363	2	0
5	1363	3	0
5	1363	4	20,585
5	1363	5	19,970
5	1363	6	24,168
5	1363	7	28,708
5	1363	8	28,754
5	1363	9	28,426
5	1363	10	27,894
5	1363	11	28,102
5	1363	12	27,555
5	1364	1	26,974
5	1364	2	24,999
5	1364	3	0
5	1364	4	28,455
5	1364	5	22,696
5	1364	6	22,451
5	1364	7	18,130
5	1364	8	24,909
5	1364	9	22,456
5	1364	10	22,106
5	1364	11	24,548
5	1364	12	25,144
5	1365	1	20,399
5	1365	2	0
5	1365	3	23,278
5	1365	4	22,333
5	1365	5	23,554
5	1365	6	0
5	1365	7	0
5	1365	8	24,823
5	1365	9	22,354
5	1365	10	22,691
5	1365	11	23,109
5	1365	12	23,219
5	1366	1	24,021
5	1366	2	21,719
5	1366	3	21,233
5	1366	4	21,572
5	1366	5	22,795
5	1366	6	22,657
5	1366	7	22,758
5	1366	8	21,067
5	1366	9	22,776
5	1366	10	22,822
5	1366	11	22,933
5	1366	12	22,321
5	1367	1	23,667
5	1367	2	22,833
5	1367	3	22,892
5	1367	4	23,257
5	1367	5	22,839
5	1367	6	23,440
5	1367	7	22,323
5	1367	8	20,707
5	1367	9	20,883
5	1367	10	19,713
5	1367	11	18,357
5	1367	12	15,751
5	1368	1	15,662
5	1368	2	13,965
5	1368	3	13,703
5	1368	4	14,685
5	1368	5	15,730
5	1368	6	14,848
5	1368	7	14,395
5	1368	8	14,400
5	1368	9	15,770
5	1368	10	14,359
5	1368	11	14,334
5	1368	12	14,112
5	1369	1	14,650
5	1369	2	14,888
5	1369	3	14,871
5	1369	4	15,112
5	1369	5	15,054
5	1369	6	14,513
5	1369	7	14,335
5	1369	8	14,844
5	1369	9	14,874
5	1369	10	15,348
5	1369	11	15,069
5	1369	12	14,760
5	1370	1	14,812
5	1370	2	14,733
5	1370	3	14,964
5	1370	4	14,856
5	1370	5	15,560
5	1370	6	14,750
5	1370	7	14,995
5	1370	8	15,119
5	1370	9	15,044
5	1370	10	15,162
5	1370	11	14,689
5	1370	12	14,259
5	1371	1	15,497
5	1371	2	14,565
5	1371	3	14,870
5	1371	4	14,224
5	1371	5	14,771
5	1371	6	14,622
5	1371	7	14,572
5	1371	8	14,235
5	1371	9	14,157
5	1371	10	14,275
5	1371	11	14,183
5	1371	12	14,114
5	1372	1	13,046
5	1372	2	13,956
5	1372	3	14,296
5	1372	4	14,206
5	1372	5	14,617
5	1372	6	14,754
5	1372	7	13,471
5	1372	8	13,714
5	1372	9	14,182
5	1372	10	13,890
5	1372	11	15,146
5	1372	12	14,762
5	1373	1	13,788
5	1373	2	12,659
5	1373	3	12,776
5	1373	4	12,673
5	1373	5	12,810
5	1373	6	12,571
5	1373	7	12,217
5	1373	8	12,321
5	1373	9	12,101
5	1373	10	12,097
5	1373	11	12,043
5	1373	12	11,557
5	1374	1	11,469
5	1374	2	11,683
5	1374	3	11,605
5	1374	4	11,979
5	1374	5	11,758
5	1374	6	11,731
5	1374	7	10,494
5	1374	8	7,431
5	1374	9	9,652
5	1374	10	9,811
5	1374	11	10,415
5	1374	12	9,236
5	1375	1	5,563
5	1375	2	9,157
5	1375	3	10,168
5	1375	4	10,236
5	1375	5	10,038
5	1375	6	10,151
5	1375	7	9,171
5	1375	8	8,189
5	1375	9	8,000
5	1375	10	8,050
5	1375	11	8,303
5	1375	12	8,615
5	1376	1	0
5	1376	2	0
5	1376	3	0
5	1376	4	0
5	1376	5	0
5	1376	6	0
5	1376	7	0
5	1376	8	0
5	1376	9	1,816
5	1376	10	3,972
5	1376	11	4,897
5	1376	12	5,057
5	1377	1	4,724
5	1377	2	4,942
5	1377	3	4,471
5	1377	4	4,765
5	1377	5	4,751
5	1377	6	4,834
5	1377	7	4,913
5	1377	8	4,902
5	1377	9	4,992
5	1377	10	4,748
5	1377	11	5,136
5	1377	12	4,882
5	1378	1	4,906
5	1378	2	4,918
5	1378	3	5,026
5	1378	4	4,963
5	1378	5	4,999
5	1378	6	4,943
5	1378	7	4,985
5	1378	8	4,932
5	1378	9	4,972
5	1378	10	4,932
5	1378	11	5,070
5	1378	12	4,922
5	1379	1	4,947
5	1379	2	4,741
5	1379	3	4,821
5	1379	4	4,876
5	1379	5	4,969
5	1379	6	4,587
5	1379	7	4,158
5	1379	8	3,802
5	1379	9	4,687
5	1379	10	4,665
5	1379	11	4,878
5	1379	12	4,872
5	1380	1	4,659
5	1380	2	4,642
5	1380	3	4,695
5	1380	4	4,934
5	1380	5	5,030
5	1380	6	4,900
5	1380	7	4,984
5	1380	8	4,878
5	1380	9	4,731
5	1380	10	4,792
5	1380	11	4,987
5	1380	12	4,905
5	1381	1	4,657
5	1381	2	4,888
5	1381	3	0
5	1381	4	0
5	1381	5	0
5	1381	6	4,093
5	1381	7	4,577
5	1381	8	4,362
5	1381	9	3,612
5	1381	10	4,580
5	1381	11	4,486
5	1381	12	4,588
5	1382	1	4,615
5	1382	2	4,507
5	1382	3	4,570
5	1382	4	4,678
5	1382	5	4,548
5	1382	6	4,570
5	1382	7	4,434
5	1382	8	4,590
5	1382	9	4,548
5	1382	10	4,598
5	1382	11	4,600
5	1382	12	4,625
5	1383	1	4,366
5	1383	2	4,407
5	1383	3	4,476
5	1383	4	4,649
5	1383	5	4,613
5	1383	6	4,680
5	1383	7	4,667
5	1383	8	4,523
5	1383	9	4,907
5	1383	10	4,693
5	1383	11	4,835
5	1383	12	4,891
5	1384	1	4,516
5	1384	2	4,509
5	1384	3	4,519
5	1384	4	4,617
5	1384	5	4,410
5	1384	6	4,477
5	1384	7	4,429
5	1384	8	4,525
5	1384	9	4,495
5	1384	10	4,273
5	1384	11	4,300
5	1384	12	4,662
5	1385	1	4,559
5	1385	2	4,498
5	1385	3	4,430
5	1385	4	4,091
5	1385	5	4,083
5	1385	6	4,054
5	1385	7	4,044
5	1385	8	4,070
5	1385	9	4,033
5	1385	10	4,057
5	1385	11	4,076
5	1385	12	4,056
5	1386	1	4,027
5	1386	2	4,127
5	1386	3	4,022
5	1386	4	4,008
5	1386	5	3,983
5	1386	6	4,000
5	1386	7	4,058
5	1386	8	4,245
5	1386	9	4,013
5	1386	10	4,253
5	1386	11	3,995
5	1386	12	3,994
5	1387	1	4,004
5	1387	2	3,836
5	1387	3	3,982
5	1387	4	3,857
5	1387	5	3,876
5	1387	6	3,941
5	1387	7	4,001
5	1387	8	4,007
5	1387	9	4,031
5	1387	10	3,998
5	1387	11	3,985
5	1387	12	3,931
5	1388	1	3,924
5	1388	2	3,923
5	1388	3	4,024
5	1388	4	4,074
5	1388	5	3,979
5	1388	6	4,017
5	1388	7	4,005
5	1388	8	4,001
5	1388	9	3,998
5	1388	10	4,111
5	1388	11	3,995
5	1388	12	4,015
5	1389	1	4,000
5	1389	2	3,988
5	1389	3	3,969
5	1389	4	4,013
5	1389	5	4,006
5	1389	6	4,003
5	1389	7	4,011
5	1389	8	3,950
5	1389	9	3,893
5	1389	10	3,942
5	1389	11	3,949
5	1389	12	4,005
5	1390	1	3,969
5	1390	2	3,995
5	1390	3	3,882
5	1390	4	3,990
5	1390	5	4,005
5	1390	6	4,016
5	1390	7	4,045
5	1390	8	4,028
5	1390	9	4,134
5	1390	10	3,992
5	1390	11	4,004
5	1390	12	4,018
5	1391	1	4,012
5	1391	2	4,031
5	1391	3	4,043
5	1391	4	4,029
5	1391	5	3,803
5	1391	6	3,920
5	1391	7	4,027
5	1391	8	4,000
5	1391	9	4,116
5	1391	10	4,098
5	1391	11	3,988
5	1391	12	4,020
5	1392	1	3,922
5	1392	2	3,949
5	1392	3	3,944
5	1392	4	3,941
5	1392	5	3,977
5	1392	6	4,021
5	1392	7	4,031
5	1392	8	3,965
5	1392	9	3,993
5	1392	10	3,955
5	1392	11	3,960
5	1392	12	4,023
5	1393	1	4,051
5	1393	2	3,793
5	1393	3	3,963
5	1393	4	4,152
5	1393	5	3,884
5	1393	6	4,036
5	1393	7	4,000
5	1393	8	4,003
5	1393	9	4,022
5	1393	10	4,002
5	1393	11	4,002
5	1393	12	3,991
5	1394	1	3,996
5	1394	2	4,002
5	1394	3	3,980
5	1394	4	3,827
5	1394	5	4,002
5	1394	6	3,991
5	1394	7	4,000
5	1394	8	4,000
5	1394	9	4,137
5	1394	10	3,915
5	1394	11	3,569
5	1394	12	3,463
5	1395	1	4,171
5	1395	2	4,334
5	1395	3	4,269
5	1395	4	4,000
5	1395	5	4,002
5	1395	6	4,043
5	1395	7	4,049
5	1395	8	4,079
5	1395	9	3,928
5	1395	10	4,000
5	1395	11	4,039
5	1395	12	4,000
5	1396	1	4,013
5	1396	2	3,995
5	1396	3	4,004
5	1396	4	3,973
5	1396	5	4,001
5	1396	6	4,005
5	1396	7	4,001
5	1396	8	4,000
5	1396	9	3,990
5	1396	10	3,907
5	1396	11	3,995
5	1396	12	3,995
5	1397	1	4,017
5	1397	2	4,008
5	1397	3	4,000
5	1397	4	4,000
5	1397	5	4,001
5	1397	6	4,009
5	1397	7	4,036
5	1397	8	4,002
5	1397	9	4,003
5	1397	10	3,973
5	1397	11	3,999
5	1397	12	3,934
5	1398	1	3,867
5	1398	2	4,000
5	1398	3	4,000
5	1398	4	3,970
5	1398	5	4,002
5	1398	6	3,992
5	1398	7	0
5	1398	8	0
5	1398	9	0
5	1398	10	0
5	1398	11	0
5	1398	12	0
5	1399	1	0
5	1399	2	0
5	1399	3	4,042
5	1399	4	3,998
5	1399	5	3,997
5	1399	6	4,014
5	1399	7	3,993
5	1399	8	4,014
5	1399	9	4,081
5	1399	10	3,985
5	1399	11	4,080
5	1399	12	4,014
5	1400	1	3,987
5	1400	2	3,989
5	1400	3	4,220
5	1400	4	4,010
5	1400	5	3,981
5	1400	6	3,987
5	1400	7	3,988
5	1400	8	4,022
5	1400	9	3,998
5	1400	10	4,000
5			
15	1371	2	2,786
15	1371	3	2,935
15	1371	4	2,152
15	1371	5	2,637
15	1371	6	3,207
15	1371	7	3,610
15	1371	8	5,543
15	1371	9	6,146
15	1371	10	6,588
15	1371	11	6,293
15	1371	12	6,116
15	1372	1	6,059
15	1372	2	6,030
15	1372	3	5,995
15	1372	4	6,223
15	1372	5	6,742
15	1372	6	6,554
15	1372	7	6,575
15	1372	8	6,841
15	1372	9	7,066
15	1372	10	6,928
15	1372	11	6,949
15	1372	12	6,955
15	1373	1	7,647
15	1373	2	7,727
15	1373	3	7,830
15	1373	4	7,369
15	1373	5	7,329
15	1373	6	7,376
15	1373	7	7,949
15	1373	8	8,137
15	1373	9	7,847
15	1373	10	7,987
15	1373	11	7,942
15	1373	12	7,605
15	1374	1	7,626
15	1374	2	7,712
15	1374	3	7,716
15	1374	4	7,069
15	1374	5	5,516
15	1374	6	4,478
15	1374	7	3,736
15	1374	8	3,917
15	1374	9	3,893
15	1374	10	3,769
15	1374	11	4,019
15	1374	12	3,948
15	1375	1	4,072
15	1375	2	4,341
15	1375	3	4,228
15	1375	4	4,283
15	1375	5	3,983
15	1375	6	4,093
15	1375	7	4,269
15	1375	8	4,427
15	1375	9	4,522
15	1375	10	4,258
15	1375	11	4,389
15	1375	12	4,974
15	1376	1	4,497
15	1376	2	4,615
15	1376	3	5,155
15	1376	4	4,966
15	1376	5	5,010
15	1376	6	4,895
15	1376	7	4,950
15	1376	8	5,026
15	1376	9	5,006
15	1376	10	4,921
15	1376	11	4,911
15	1376	12	4,774
15	1377	1	4,916
15	1377	2	4,902
15	1377	3	4,614
15	1377	4	4,734
15	1377	5	4,846
15	1377	6	4,876
15	1377	7	4,847
15	1377	8	4,763
15	1377	9	4,892
15	1377	10	4,699
15	1377	11	5,277
15	1377	12	5,045
15	1378	1	4,874
15	1378	2	4,950
15	1378	3	4,743
15	1378	4	4,995
15	1378	5	4,874
15	1378	6	4,941
15	1378	7	4,952
15	1378	8	4,896
15	1378	9	5,343
15	1378	10	5,033
15	1378	11	4,945
15	1378	12	4,866
15	1379	1	4,905
15	1379	2	4,837
15	1379	3	4,765
15	1379	4	4,940
15	1379	5	5,060
15	1379	6	4,909
15	1379	7	4,356
15	1379	8	5,004
15	1379	9	4,914
15	1379	10	4,926
15	1379	11	4,788
15	1379	12	4,876
15	1380	1	4,555
15	1380	2	4,713
15	1380	3	4,758
15	1380	4	4,902
15	1380	5	4,950
15	1380	6	4,971
15	1380	7	4,981
15	1380	8	4,868
15	1380	9	4,650
15	1380	10	4,782
15	1380	11	4,963
15	1380	12	4,938
15	1381	1	4,598
15	1381	2	4,832
15	1381	3	5,005
15	1381	4	4,767
15	1381	5	4,886
15	1381	6	4,665
15	1381	7	5,135
15	1381	8	4,985
15	1381	9	3,867
15	1381	10	5,048
15	1381	11	5,014
15	1381	12	5,088
15	1382	1	5,107
15	1382	2	4,923
15	1382	3	5,092
15	1382	4	5,168
15	1382	5	5,012
15	1382	6	5,064
15	1382	7	4,981
15	1382	8	5,081
15	1382	9	5,183
15	1382	10	5,110
15	1382	11	5,112
15	1382	12	5,141
15	1383	1	4,873
15	1383	2	4,650
15	1383	3	3,894
15	1383	4	3,083
15	1383	5	2,561
15	1383	6	2,342
15	1383	7	2,052
15	1383	8	1,502
15	1383	9	1,085
15	1383	10	1,042
15	1383	11	1,073
15	1383	12	1,048
15	1384	1	1,005
15	1384	2	1,001
15	1384	3	1,002
15	1384	4	461
15	1384	5	0
15	1384	6	0
15	1384	7	0
15	1384	8	0
15	1384	9	0
15	1384	10	487
15	1384	11	2,280
15	1384	12	2,992
15	1385	1	2,943
15	1385	2	2,701
15	1385	3	2,908
15	1385	4	3,056
15	1385	5	3,066
15	1385	6	2,992
15	1385	7	3,038
15	1385	8	3,028
15	1385	9	2,968
15	1385	10	2,950
15	1385	11	3,027
15	1385	12	2,878
15	1386	1	2,915
15	1386	2	2,964
15	1386	3	3,339
15	1386	4	3,343
15	1386	5	3,409
15	1386	6	3,490
15	1386	7	3,476
15	1386	8	3,524
15	1386	9	3,459
15	1386	10	3,219
15	1386	11	3,385
15	1386	12	3,398
15	1387	1	3,513
15	1387	2	3,540
15	1387	3	3,567
15	1387	4	3,452
15	1387	5	3,378
15	1387	6	3,551
15	1387	7	3,380
15	1387	8	3,444
15	1387	9	3,312
15	1387	10	3,448
15	1387	11	3,374
15	1387	12	3,469
15	1388	1	3,510
15	1388	2	3,544
15	1388	3	3,458
15	1388	4	3,512
15	1388	5	3,397
15	1388	6	3,435
15	1388	7	3,442
15	1388	8	3,489
15	1388	9	3,502
15	1388	10	3,492
15	1388	11	3,082
15	1388	12	3,437
15	1389	1	3,589
15	1389	2	3,512
15	1389	3	3,483
15	1389	4	3,257
15	1389	5	3,007
15	1389	6	3,002
15	1389	7	2,936
15	1389	8	2,960
15	1389	9	2,916
15	1389	10	2,986
15	1389	11	2,958
15	1389	12	2,500
15	1390	1	2,484
15	1390	2	2,498
15	1390	3	2,414
15	1390	4	2,492
15	1390	5	2,499
15	1390	6	2,509
15	1390	7	2,525
15	1390	8	2,516
15	1390	9	1,755
15	1390	10	1,503
15	1390	11	1,499
15	1390	12	1,507
15	1391	1	1,503
15	1391	2	1,519
15	1391	3	1,514
15	1391	4	1,507
15	1391	5	1,423
15	1391	6	1,465
15	1391	7	1,499
15	1391	8	1,496
15	1391	9	1,542
15	1391	10	1,534
15	1391	11	1,489
15	1391	12	1,505
15	1392	1	1,464
15	1392	2	1,480
15	1392	3	1,501
15	1392	4	1,491
15	1392	5	1,489
15	1392	6	1,507
15	1392	7	1,513
15	1392	8	1,487
15	1392	9	1,504
15	1392	10	1,495
15	1392	11	1,513
15	1392	12	1,505
15	1393	1	1,510
15	1393	2	1,421
15	1393	3	1,478
15	1393	4	1,514
15	1393	5	1,448
15	1393	6	1,512
15	1393	7	1,499
15	1393	8	1,499
15	1393	9	1,488
15	1393	10	1,500
15	1393	11	1,499
15	1393	12	1,491
15	1394	1	1,500
15	1394	2	1,501
15	1394	3	1,493
15	1394	4	1,435
15	1394	5	1,501
15	1394	6	1,499
15	1394	7	1,500
15	1394	8	1,500
15	1394	9	1,552
15	1394	10	1,488
15	1394	11	1,383
15	1394	12	0
15	1395	1	1,589
15	1395	2	1,349
15	1395	3	1,068
15	1395	4	1,000
15	1395	5	1,000
15	1395	6	994
15	1395	7	1,011
15	1395	8	1,019
15	1395	9	982
15	1395	10	1,000
15	1395	11	1,002
15	1395	12	1,000
15	1396	1	1,003
15	1396	2	999
15	1396	3	1,000
15	1396	4	993
15	1396	5	1,001
15	1396	6	1,001
15	1396	7	1,000
15	1396	8	1,000
15	1396	9	996
15	1396	10	0
15	1396	11	499
15	1396	12	499
15	1397	1	503
15	1397	2	0
15	1397	3	0
15	1397	4	0
15	1397	5	0
15	1397	6	0
15	1397	7	516
15	1397	8	1,499
15	1397	9	1,498
15	1397	10	1,456
15	1397	11	0
15	1397	12	0
15	1398	1	0
15	1398	2	1,144
15	1398	3	742
15	1398	4	499
15	1398	5	500
15	1398	6	474
15	1398	7	485
15	1398	8	0
15	1398	9	444
15	1398	10	744
15	1398	11	995
15	1398	12	996
15	1399	1	1,001
15	1399	2	500
15	1399	3	502
15	1399	4	0
15	1399	5	0
15	1399	6	0
15	1399	7	0
15	1399	8	0
15	1399	9	0
15	1399	10	0
15	1399	11	514
15	1399	12	502
15	1400	1	0
15	1400	2	0
15	1400	3	0
15	1400	4	0
15	1400	5	0
15	1400	6	0
15	1400	7	0
15	1400	8	0
15	1400	9	0
15	1400	10	0
15			
17	1382	5	979
17	1382	6	1,068
17	1382	7	970
17	1382	8	916
17	1382	9	960
17	1382	10	947
17	1382	11	946
17	1382	12	954
17	1383	1	985
17	1383	2	960
17	1383	3	941
17	1383	4	948
17	1383	5	958
17	1383	6	976
17	1383	7	959
17	1383	8	956
17	1383	9	967
17	1383	10	993
17	1383	11	939
17	1383	12	968
17	1384	1	982
17	1384	2	976
17	1384	3	976
17	1384	4	972
17	1384	5	968
17	1384	6	969
17	1384	7	0
17	1384	8	0
17	1384	9	0
17	1384	10	930
17	1384	11	946
17	1384	12	1,010
17	1385	1	981
17	1385	2	912
17	1385	3	967
17	1385	4	992
17	1385	5	1,022
17	1385	6	997
17	1385	7	1,012
17	1385	8	1,009
17	1385	9	1,016
17	1385	10	985
17	1385	11	1,009
17	1385	12	962
17	1386	1	970
17	1386	2	987
17	1386	3	956
17	1386	4	955
17	1386	5	971
17	1386	6	997
17	1386	7	991
17	1386	8	1,006
17	1386	9	1,013
17	1386	10	917
17	1386	11	967
17	1386	12	971
17	1387	1	1,016
17	1387	2	1,011
17	1387	3	1,013
17	1387	4	986
17	1387	5	965
17	1387	6	1,014
17	1387	7	971
17	1387	8	983
17	1387	9	946
17	1387	10	985
17	1387	11	961
17	1387	12	1,005
17	1388	1	1,007
17	1388	2	1,038
17	1388	3	988
17	1388	4	1,002
17	1388	5	970
17	1388	6	982
17	1388	7	987
17	1388	8	996
17	1388	9	1,000
17	1388	10	996
17	1388	11	1,005
17	1388	12	1,028
17	1389	1	1,025
17	1389	2	991
17	1389	3	993
17	1389	4	1,000
17	1389	5	1,132
17	1389	6	1,001
17	1389	7	974
17	1389	8	1,018
17	1389	9	1,015
17	1389	10	1,001
17	1389	11	1,001
17	1389	12	1,000
17	1390	1	1,000
17	1390	2	998
17	1390	3	1,008
17	1390	4	998
17	1390	5	993
17	1390	6	990
17	1390	7	1,003
17	1390	8	1,007
17	1390	9	1,010
17	1390	10	1,002
17	1390	11	1,000
17	1390	12	1,004
17	1391	1	1,014
17	1391	2	1,012
17	1391	3	1,018
17	1391	4	1,024
17	1391	5	986
17	1391	6	1,048
17	1391	7	1,010
17	1391	8	0
17	1391	9	0
17	1391	10	0
17	1391	11	0
17	1391	12	0
17	1392	1	975
17	1392	2	986
17	1392	3	1,000
17	1392	4	985
17	1392	5	991
17	1392	6	0
17	1392	7	0
17	1392	8	0
17	1392	9	0
17	1392	10	0
17	1392	11	0
17	1392	12	0
17	1393	1	0
17	1393	2	0
17	1393	3	1,032
17	1393	4	1,011
17	1393	5	1,234
17	1393	6	1,505
17	1393	7	1,499
17	1393	8	1,499
17	1393	9	1,507
17	1393	10	1,500
17	1393	11	1,499
17	1393	12	1,491
17	1394	1	1,501
17	1394	2	1,501
17	1394	3	1,493
17	1394	4	1,436
17	1394	5	1,501
17	1394	6	1,497
17	1394	7	1,501
17	1394	8	1,500
17	1394	9	1,552
17	1394	10	1,468
17	1394	11	1,336
17	1394	12	1,288
17	1395	1	1,564
17	1395	2	1,624
17	1395	3	1,602
17	1395	4	1,500
17	1395	5	1,501
17	1395	6	1,517
17	1395	7	1,518
17	1395	8	1,529
17	1395	9	1,473
17	1395	10	1,544
17	1395	11	1,490
17	1395	12	1,472
17	1396	1	1,468
17	1396	2	1,563
17	1396	3	1,566
17	1396	4	1,550
17	1396	5	1,566
17	1396	6	1,527
17	1396	7	1,527
17	1396	8	1,553
17	1396	9	1,636
17	1396	10	1,563
17	1396	11	1,517
17	1396	12	1,527
17	1397	1	1,536
17	1397	2	1,527
17	1397	3	1,523
17	1397	4	1,500
17	1397	5	1,459
17	1397	6	1,228
17	1397	7	996
17	1397	8	979
17	1397	9	1,000
17	1397	10	1,009
17	1397	11	1,025
17	1397	12	981
17	1398	1	967
17	1398	2	979
17	1398	3	987
17	1398	4	984
17	1398	5	986
17	1398	6	1,024
17	1398	7	1,037
17	1398	8	1,054
17	1398	9	920
17	1398	10	1,010
17	1398	11	988
17	1398	12	995
17	1399	1	990
17	1399	2	1,009
17	1399	3	981
17	1399	4	941
17	1399	5	962
17	1399	6	914
17	1399	7	934
17	1399	8	986
17	1399	9	979
17	1399	10	995
17	1399	11	969
17	1399	12	975
17	1400	1	970
17	1400	2	943
17	1400	3	1,014
17	1400	4	982
17	1400	5	995
17	1400	6	996
17	1400	7	997
17	1400	8	1,006
17	1400	9	1,001
17	1400	10	1,000
17			
34	1379	1	1,456
34	1379	2	1,524
34	1379	3	2,347
34	1379	4	2,604
34	1379	5	3,303
34	1379	6	3,520
34	1379	7	3,454
34	1379	8	3,891
34	1379	9	3,871
34	1379	10	3,594
34	1379	11	3,455
34	1379	12	3,351
34	1380	1	3,515
34	1380	2	3,514
34	1380	3	3,371
34	1380	4	3,285
34	1380	5	3,491
34	1380	6	3,778
34	1380	7	3,586
34	1380	8	3,260
34	1380	9	3,155
34	1380	10	2,968
34	1380	11	2,944
34	1380	12	3,165
34	1381	1	3,074
34	1381	2	2,440
34	1381	3	2,089
34	1381	4	2,086
34	1381	5	2,122
34	1381	6	1,914
34	1381	7	1,872
34	1381	8	1,881
34	1381	9	1,223
34	1381	10	2,074
34	1381	11	2,123
34	1381	12	1,949
34	1382	1	1,954
34	1382	2	1,872
34	1382	3	2,062
34	1382	4	2,156
34	1382	5	1,931
34	1382	6	2,008
34	1382	7	1,956
34	1382	8	1,920
34	1382	9	1,921
34	1382	10	1,894
34	1382	11	1,892
34	1382	12	1,912
34	1383	1	1,915
34	1383	2	1,921
34	1383	3	1,887
34	1383	4	1,893
34	1383	5	1,919
34	1383	6	1,953
34	1383	7	1,918
34	1383	8	1,921
34	1383	9	1,936
34	1383	10	1,978
34	1383	11	1,880
34	1383	12	1,975
34	1384	1	1,966
34	1384	2	1,953
34	1384	3	1,952
34	1384	4	1,940
34	1384	5	1,918
34	1384	6	1,942
34	1384	7	1,918
34	1384	8	1,714
34	1384	9	1,497
34	1384	10	1,458
34	1384	11	1,366
34	1384	12	989
34	1385	1	981
34	1385	2	839
34	1385	3	768
34	1385	4	993
34	1385	5	1,025
34	1385	6	2,047
34	1385	7	2,025
34	1385	8	2,019
34	1385	9	9,564
34	1385	10	2,028
34	1385	11	2,037
34	1385	12	2,329
34	1386	1	2,402
34	1386	2	1,481
34	1386	3	1,434
34	1386	4	1,432
34	1386	5	1,459
34	1386	6	1,534
34	1386	7	1,486
34	1386	8	1,510
34	1386	9	1,482
34	1386	10	1,379
34	1386	11	1,450
34	1386	12	1,461
34	1387	1	1,505
34	1387	2	1,517
34	1387	3	1,519
34	1387	4	1,480
34	1387	5	1,448
34	1387	6	1,523
34	1387	7	1,450
34	1387	8	1,474
34	1387	9	1,419
34	1387	10	1,478
34	1387	11	1,444
34	1387	12	1,490
34	1388	1	1,546
34	1388	2	1,560
34	1388	3	1,482
34	1388	4	1,504
34	1388	5	1,492
34	1388	6	1,510
34	1388	7	1,478
34	1388	8	1,494
34	1388	9	1,500
34	1388	10	1,494
34	1388	11	1,504
34	1388	12	1,538
34	1389	1	1,535
34	1389	2	1,521
34	1389	3	1,494
34	1389	4	1,528
34	1389	5	1,490
34	1389	6	1,757
34	1389	7	1,949
34	1389	8	1,973
34	1389	9	1,944
34	1389	10	1,968
34	1389	11	1,972
34	1389	12	2,000
34	1390	1	1,982
34	1390	2	1,999
34	1390	3	1,941
34	1390	4	1,993
34	1390	5	1,999
34	1390	6	2,006
34	1390	7	2,020
34	1390	8	2,013
34	1390	9	2,014
34	1390	10	2,004
34	1390	11	1,999
34	1390	12	2,008
34	1391	1	2,016
34	1391	2	2,019
34	1391	3	2,021
34	1391	4	2,009
34	1391	5	1,899
34	1391	6	1,955
34	1391	7	2,008
34	1391	8	1,995
34	1391	9	2,056
34	1391	10	2,045
34	1391	11	1,986
34	1391	12	2,010
34	1392	1	1,958
34	1392	2	1,973
34	1392	3	1,971
34	1392	4	1,968
34	1392	5	2,047
34	1392	6	2,010
34	1392	7	2,015
34	1392	8	1,982
34	1392	9	1,996
34	1392	10	1,983
34	1392	11	2,005
34	1392	12	2,009
34	1393	1	2,027
34	1393	2	1,896
34	1393	3	1,966
34	1393	4	2,022
34	1393	5	1,929
34	1393	6	2,015
34	1393	7	1,999
34	1393	8	1,999
34	1393	9	2,010
34	1393	10	2,000
34	1393	11	2,000
34	1393	12	1,988
34	1394	1	1,997
34	1394	2	2,001
34	1394	3	1,990
34	1394	4	1,919
34	1394	5	2,001
34	1394	6	2,000
34	1394	7	2,000
34	1394	8	2,000
34	1394	9	2,069
34	1394	10	1,958
34	1394	11	1,780
34	1394	12	1,731
34	1395	1	2,086
34	1395	2	2,167
34	1395	3	2,135
34	1395	4	2,000
34	1395	5	2,001
34	1395	6	2,022
34	1395	7	2,025
34	1395	8	2,039
34	1395	9	1,965
34	1395	10	2,000
34	1395	11	2,021
34	1395	12	1,502
34	1396	1	1,504
34	1396	2	1,499
34	1396	3	1,501
34	1396	4	1,492
34	1396	5	1,500
34	1396	6	1,502
34	1396	7	1,500
34	1396	8	1,500
34	1396	9	1,496
34	1396	10	1,466
34	1396	11	1,498
34	1396	12	1,498
34	1397	1	1,506
34	1397	2	1,503
34	1397	3	1,501
34	1397	4	1,501
34	1397	5	1,501
34	1397	6	1,503
34	1397	7	1,515
34	1397	8	1,500
34	1397	9	1,502
34	1397	10	1,490
34	1397	11	1,501
34	1397	12	1,475
34	1398	1	1,450
34	1398	2	1,500
34	1398	3	1,500
34	1398	4	1,496
34	1398	5	1,500
34	1398	6	1,501
34	1398	7	1,497
34	1398	8	1,478
34	1398	9	1,332
34	1398	10	1,488
34	1398	11	1,492
34	1398	12	1,493
34	1399	1	1,501
34	1399	2	1,500
34	1399	3	1,505
34	1399	4	1,498
34	1399	5	1,499
34	1399	6	1,505
34	1399	7	1,508
34	1399	8	1,504
34	1399	9	1,521
34	1399	10	1,494
34	1399	11	1,528
34	1399	12	1,504
34	1400	1	1,496
34	1400	2	1,496
34	1400	3	1,582
34	1400	4	1,506
34	1400	5	1,493
34	1400	6	1,494
34	1400	7	1,496
34	1400	8	1,510
34	1400	9	1,501
34	1400	10	1,501
34			
37	1384	12	2,018
37	1385	1	1,936
37	1385	2	1,737
37	1385	3	1,674
37	1385	4	1,490
37	1385	5	1,531
37	1385	6	1,496
37	1385	7	1,519
37	1385	8	1,514
37	1385	9	1,489
37	1385	10	1,479
37	1385	11	1,513
37	1385	12	1,439
37	1386	1	1,455
37	1386	2	1,483
37	1386	3	1,433
37	1386	4	955
37	1386	5	970
37	1386	6	997
37	1386	7	992
37	1386	8	1,008
37	1386	9	989
37	1386	10	971
37	1386	11	719
37	1386	12	486
37	1387	1	504
37	1387	2	0
37	1387	3	0
37	1387	4	1,009
37	1387	5	534
37	1387	6	0
37	1387	7	0
37	1387	8	0
37	1387	9	0
37	1387	10	0
37	1387	11	0
37	1387	12	0
37	1388	1	0
37	1388	2	0
37	1388	3	0
37	1388	4	0
37	1388	5	0
37	1388	6	0
37	1388	7	0
37	1388	8	493
37	1388	9	500
37	1388	10	498
37	1388	11	515
37	1388	12	513
37	1389	1	525
37	1389	2	495
37	1389	3	503
37	1389	4	516
37	1389	5	504
37	1389	6	755
37	1389	7	522
37	1389	8	1,020
37	1389	9	1,015
37	1389	10	687
37	1389	11	1,501
37	1389	12	1,500
37	1390	1	1,487
37	1390	2	1,497
37	1390	3	1,450
37	1390	4	1,495
37	1390	5	1,501
37	1390	6	1,503
37	1390	7	1,533
37	1390	8	2,013
37	1390	9	2,013
37	1390	10	2,002
37	1390	11	1,999
37	1390	12	2,008
37	1391	1	2,005
37	1391	2	2,026
37	1391	3	2,019
37	1391	4	2,009
37	1391	5	1,897
37	1391	6	1,959
37	1391	7	2,000
37	1391	8	1,993
37	1391	9	2,056
37	1391	10	2,045
37	1391	11	1,990
37	1391	12	2,061
37	1392	1	1,954
37	1392	2	1,973
37	1392	3	1,973
37	1392	4	1,959
37	1392	5	0
37	1392	6	0
37	1392	7	0
37	1392	8	0
37	1392	9	0
37	1392	10	0
37	1392	11	1,919
37	1392	12	0
37	1393	1	0
37	1393	2	1,992
37	1393	3	1,974
37	1393	4	1,901
37	1393	5	2,055
37	1393	6	1,959
37	1393	7	0
37	1393	8	1,509
37	1393	9	2,062
37	1393	10	2,000
37	1393	11	1,999
37	1393	12	2,069
37	1394	1	1,997
37	1394	2	2,001
37	1394	3	1,990
37	1394	4	0
37	1394	5	0
37	1394	6	0
37	1394	7	0
37	1394	8	0
37	1394	9	0
37	1394	10	0
37	1394	11	0
37	1394	12	0
37	1395	1	0
37	1395	2	0
37	1395	3	0
37	1395	4	0
37	1395	5	0
37	1395	6	0
37	1395	7	0
37	1395	8	0
37	1395	9	0
37	1395	10	0
37	1395	11	0
37	1395	12	0
37	1396	1	0
37	1396	2	0
37	1396	3	0
37	1396	4	0
37	1396	5	0
37	1396	6	0
37	1396	7	0
37	1396	8	0
37	1396	9	0
37	1396	10	0
37	1396	11	0
37	1396	12	0
37	1397	1	0
37	1397	2	0
37	1397	3	0
37	1397	4	0
37	1397	5	0
37	1397	6	0
37	1397	7	0
37	1397	8	0
37	1397	9	0
37	1397	10	0
37	1397	11	0
37	1397	12	0
37	1398	1	0
37	1398	2	0
37	1398	3	0
37	1398	4	0
37	1398	5	0
37	1398	6	0
37	1398	7	0
37	1398	8	0
37	1398	9	0
37	1398	10	0
37	1398	11	0
37	1398	12	0
37	1399	1	0
37	1399	2	0
37	1399	3	0
37	1399	4	0
37	1399	5	0
37	1399	6	0
37	1399	7	0
37	1399	8	0
37	1399	9	0
37	1399	10	0
37	1399	11	0
37	1399	12	0
37	1400	1	0
37	1400	2	0
37	1400	3	0
37	1400	4	0
37	1400	5	0
37	1400	6	0
37	1400	7	0
37	1400	8	0
37	1400	9	0
37	1400	10	0
37			
39	1381	7	501
39	1381	8	509
39	1381	9	520
39	1381	10	501
39	1381	11	1,072
39	1381	12	1,223
39	1382	1	1,402
39	1382	2	1,956
39	1382	3	2,082
39	1382	4	2,176
39	1382	5	2,009
39	1382	6	2,075
39	1382	7	2,051
39	1382	8	1,920
39	1382	9	1,921
39	1382	10	1,894
39	1382	11	1,892
39	1382	12	1,914
39	1383	1	1,915
39	1383	2	1,921
39	1383	3	1,890
39	1383	4	1,895
39	1383	5	1,921
39	1383	6	1,953
39	1383	7	1,924
39	1383	8	1,916
39	1383	9	1,936
39	1383	10	1,980
39	1383	11	1,880
39	1383	12	1,975
39	1384	1	1,966
39	1384	2	1,952
39	1384	3	1,952
39	1384	4	1,941
39	1384	5	1,917
39	1384	6	1,939
39	1384	7	1,917
39	1384	8	1,712
39	1384	9	1,497
39	1384	10	1,458
39	1384	11	1,429
39	1384	12	1,536
39	1385	1	1,471
39	1385	2	1,361
39	1385	3	1,454
39	1385	4	1,490
39	1385	5	1,533
39	1385	6	1,496
39	1385	7	1,519
39	1385	8	1,514
39	1385	9	1,487
39	1385	10	1,496
39	1385	11	1,513
39	1385	12	1,439
39	1386	1	1,460
39	1386	2	1,481
39	1386	3	1,431
39	1386	4	1,432
39	1386	5	1,199
39	1386	6	997
39	1386	7	991
39	1386	8	1,007
39	1386	9	988
39	1386	10	920
39	1386	11	967
39	1386	12	971
39	1387	1	1,003
39	1387	2	1,011
39	1387	3	1,021
39	1387	4	986
39	1387	5	964
39	1387	6	1,015
39	1387	7	966
39	1387	8	984
39	1387	9	973
39	1387	10	984
39	1387	11	974
39	1387	12	993
39	1388	1	1,003
39	1388	2	1,011
39	1388	3	1,014
39	1388	4	1,002
39	1388	5	968
39	1388	6	982
39	1388	7	983
39	1388	8	995
39	1388	9	1,029
39	1388	10	996
39	1388	11	1,004
39	1388	12	1,028
39	1389	1	1,025
39	1389	2	991
39	1389	3	1,010
39	1389	4	1,032
39	1389	5	1,008
39	1389	6	1,023
39	1389	7	1,044
39	1389	8	1,020
39	1389	9	1,013
39	1389	10	1,003
39	1389	11	1,001
39	1389	12	1,000
39	1390	1	1,000
39	1390	2	998
39	1390	3	1,008
39	1390	4	998
39	1390	5	992
39	1390	6	991
39	1390	7	1,003
39	1390	8	1,007
39	1390	9	1,023
39	1390	10	1,004
39	1390	11	1,000
39	1390	12	1,004
39	1391	1	1,013
39	1391	2	1,012
39	1391	3	1,018
39	1391	4	1,024
39	1391	5	1,035
39	1391	6	1,021
39	1391	7	975
39	1391	8	967
39	1391	9	1,003
39	1391	10	1,009
39	1391	11	1,019
39	1391	12	1,014
39	1392	1	1,032
39	1392	2	1,035
39	1392	3	1,012
39	1392	4	964
39	1392	5	974
39	1392	6	1,005
39	1392	7	1,018
39	1392	8	1,002
39	1392	9	1,083
39	1392	10	1,543
39	1392	11	1,503
39	1392	12	1,506
39	1393	1	1,493
39	1393	2	1,529
39	1393	3	1,458
39	1393	4	1,429
39	1393	5	1,541
39	1393	6	1,511
39	1393	7	1,499
39	1393	8	1,499
39	1393	9	1,534
39	1393	10	1,490
39	1393	11	1,535
39	1393	12	1,537
39	1394	1	1,520
39	1394	2	1,509
39	1394	3	1,493
39	1394	4	1,495
39	1394	5	1,448
39	1394	6	1,546
39	1394	7	1,544
39	1394	8	1,565
39	1394	9	1,514
39	1394	10	1,578
39	1394	11	1,654
39	1394	12	1,605
39	1395	1	1,440
39	1395	2	1,377
39	1395	3	1,424
39	1395	4	1,517
39	1395	5	1,515
39	1395	6	1,506
39	1395	7	1,511
39	1395	8	1,539
39	1395	9	1,549
39	1395	10	1,544
39	1395	11	1,490
39	1395	12	1,471
39	1396	1	1,460
39	1396	2	1,563
39	1396	3	1,566
39	1396	4	1,550
39	1396	5	1,566
39	1396	6	1,527
39	1396	7	1,527
39	1396	8	1,553
39	1396	9	1,636
39	1396	10	1,562
39	1396	11	1,517
39	1396	12	1,527
39	1397	1	1,536
39	1397	2	1,528
39	1397	3	1,525
39	1397	4	1,503
39	1397	5	1,459
39	1397	6	1,442
39	1397	7	1,494
39	1397	8	1,468
39	1397	9	1,499
39	1397	10	1,513
39	1397	11	1,538
39	1397	12	1,471
39	1398	1	1,450
39	1398	2	1,469
39	1398	3	1,480
39	1398	4	1,478
39	1398	5	1,479
39	1398	6	1,540
39	1398	7	1,555
39	1398	8	1,580
39	1398	9	1,379
39	1398	10	1,516
39	1398	11	1,482
39	1398	12	1,493
39	1399	1	1,487
39	1399	2	1,498
39	1399	3	1,472
39	1399	4	1,411
39	1399	5	1,444
39	1399	6	1,379
39	1399	7	1,409
39	1399	8	1,478
39	1399	9	1,565
39	1399	10	1,494
39	1399	11	1,453
39	1399	12	1,460
39	1400	1	1,455
39	1400	2	1,429
39	1400	3	1,452
39	1400	4	1,401
39	1400	5	1,424
39	1400	6	1,489
39	1400	7	1,515
39	1400	8	1,528
39	1400	9	1,562
39	1400	10	1,471
39			
44	1385	2	1,327
44	1385	3	1,495
44	1385	4	1,490
44	1385	5	1,530
44	1385	6	1,518
44	1385	7	1,517
44	1385	8	1,521
44	1385	9	1,487
44	1385	10	1,198
44	1385	11	1,009
44	1385	12	962
44	1386	1	971
44	1386	2	987
44	1386	3	955
44	1386	4	955
44	1386	5	970
44	1386	6	997
44	1386	7	992
44	1386	8	1,007
44	1386	9	987
44	1386	10	919
44	1386	11	966
44	1386	12	993
44	1387	1	1,005
44	1387	2	997
44	1387	3	0
44	1387	4	973
44	1387	5	969
44	1387	6	1,015
44	1387	7	991
44	1387	8	985
44	1387	9	974
44	1387	10	0
44	1387	11	0
44	1387	12	0
44	1388	1	0
44	1388	2	0
44	1388	3	0
44	1388	4	0
44	1388	5	0
44	1388	6	486
44	1388	7	533
44	1388	8	773
44	1388	9	1,000
44	1388	10	996
44	1388	11	1,003
44	1388	12	1,028
44	1389	1	1,025
44	1389	2	991
44	1389	3	1,007
44	1389	4	1,032
44	1389	5	1,008
44	1389	6	1,090
44	1389	7	0
44	1389	8	0
44	1389	9	0
44	1389	10	4,283
44	1389	11	1,791
44	1389	12	2,000
44	1390	1	1,982
44	1390	2	1,996
44	1390	3	1,929
44	1390	4	1,993
44	1390	5	2,000
44	1390	6	2,007
44	1390	7	2,018
44	1390	8	2,516
44	1390	9	2,518
44	1390	10	2,503
44	1390	11	2,499
44	1390	12	2,510
44	1391	1	2,508
44	1391	2	2,533
44	1391	3	2,523
44	1391	4	2,512
44	1391	5	2,372
44	1391	6	2,498
44	1391	7	2,500
44	1391	8	2,494
44	1391	9	2,567
44	1391	10	2,556
44	1391	11	2,480
44	1391	12	2,516
44	1392	1	2,443
44	1392	2	2,467
44	1392	3	2,471
44	1392	4	2,460
44	1392	5	2,482
44	1392	6	2,509
44	1392	7	2,500
44	1392	8	0
44	1392	9	0
44	1392	10	0
44	1392	11	2,446
44	1392	12	2,527
44	1393	1	2,529
44	1393	2	2,356
44	1393	3	2,432
44	1393	4	2,502
44	1393	5	2,413
44	1393	6	2,520
44	1393	7	2,499
44	1393	8	2,499
44	1393	9	2,523
44	1393	10	2,500
44	1393	11	2,499
44	1393	12	2,493
44	1394	1	2,497
44	1394	2	2,502
44	1394	3	2,488
44	1394	4	2,392
44	1394	5	2,501
44	1394	6	2,500
44	1394	7	2,500
44	1394	8	2,500
44	1394	9	2,586
44	1394	10	2,437
44	1394	11	2,229
44	1394	12	2,165
44	1395	1	2,608
44	1395	2	2,707
44	1395	3	2,668
44	1395	4	2,500
44	1395	5	2,501
44	1395	6	2,531
44	1395	7	2,531
44	1395	8	2,549
44	1395	9	2,454
44	1395	10	2,574
44	1395	11	2,979
44	1395	12	2,943
44	1396	1	2,930
44	1396	2	2,687
44	1396	3	2,611
44	1396	4	2,583
44	1396	5	2,610
44	1396	6	2,544
44	1396	7	2,545
44	1396	8	2,589
44	1396	9	2,727
44	1396	10	2,873
44	1396	11	3,033
44	1396	12	3,055
44	1397	1	3,073
44	1397	2	3,055
44	1397	3	3,049
44	1397	4	3,000
44	1397	5	2,921
44	1397	6	2,882
44	1397	7	2,977
44	1397	8	2,936
44	1397	9	2,992
44	1397	10	3,028
44	1397	11	3,076
44	1397	12	2,942
44	1398	1	2,900
44	1398	2	2,938
44	1398	3	2,960
44	1398	4	2,952
44	1398	5	2,959
44	1398	6	2,981
44	1398	7	0
44	1398	8	0
44	1398	9	0
44	1398	10	3,012
44	1398	11	2,965
44	1398	12	2,985
44	1399	1	2,974
44	1399	2	2,965
44	1399	3	2,946
44	1399	4	2,824
44	1399	5	2,879
44	1399	6	2,749
44	1399	7	2,802
44	1399	8	2,950
44	1399	9	2,936
44	1399	10	2,988
44	1399	11	2,906
44	1399	12	2,920
44	1400	1	2,911
44	1400	2	2,817
44	1400	3	2,455
44	1400	4	2,334
44	1400	5	2,372
44	1400	6	2,481
44	1400	7	2,526
44	1400	8	2,527
44	1400	9	2,603
44	1400	10	2,452
			
